ccalc file I/O demo log
=======================
pi  = 3.141593
e   = 2.718282
phi = 1.618034
